4512120000229210
4512120000229228
4512120000229236
4512120000229244
4512120000229251
4512120000229269
4512120000229277
4512120000229285
4512120000229293
4512120000229301
4512120000229319
4512120000229327
4512120000229335
4512120000229343
4512120000229350
4512120000229368
4512120000229376
4512120000229384
4512120000229392
4512120000229400
4512120000229418
4512120000229426
4512120000229434
4512120000229442
4512120000229459
4512120000229467
4512120000229475
4512120000229483
4512120000229491
4512120000229509
4512120000229517
4512120000229525
4512120000229533
4512120000229541
4512120000229558
4512120000229566
4512120000229574
4512120000229582
4512120000229590
4512120000229608
4512120000229616
4512120000229624
4512120000229632
4512120000229640
4512120000229657
4512120000229665
4512120000229673
4512120000229681
4512120000229699
4512120000229707
4512120000229715
4512120000229723
4512120000229731
4512120000229749
4512120000229756
4512120000229764
4512120000229772
4512120000229780
4512120000229798
4512120000229806
4512120000229814
4512120000229822
4512120000229830
4512120000229848
4512120000229855
4512120000229863
4512120000229871
4512120000229889
4512120000229897
4512120000229905
4512120000229913
4512120000229921
4512120000229939
4512120000229947
4512120000229954
4512120000229962
4512120000229970
4512120000229988
4512120000229996
4512120000230002
4512120000230010
4512120000230028
4512120000230036
4512120000230044
4512120000230051
4512120000230069
4512120000230077
4512120000230085
4512120000230093
4512120000230101
4512120000230119
4512120000230127
4512120000230135
4512120000230143
4512120000230150
4512120000230168
4512120000230176
4512120000230184
4512120000230192
4512120000230200
4512120000232040
4512120000232180
4512120000232131
4512120000231992
4512120000231471
4512120000231752
4512120000231950
4512120000232206
4512120000231653
4512120000231638
4512120000232016
4512120000232024
4512120000231364
4512120000231844
4512120000231430
4512120000231968
4512120000231828
4512120000231695
4512120000231984
4512120000231448
4512120000231778
4512120000231802
4512120000231661
4512120000231778
4512120000231711
4512120000231752
4512120000231927
4512120000231323
4512120000232008
4512120000231885
4512120000231679
4512120000232180
4512120000231307
4512120000231562
4512120000231554
4512120000231810
4512120000231307
4512120000231562
4512120000231380
4512120000231463
4512120000232131
4512120000231356
4512120000232156
4512120000231539
4512120000231729
4512120000231596
4512120000231984
4512120000231836
4512120000232172
4512120000231810
4512120000231752
4512120000231489
4512120000231893
4512120000231422
4512120000231372
4512120000232016
4512120000231778
4512120000232065
4512120000232115
4512120000231927
4512120000231430
4512120000231588
4512120000232081
4512120000231489
4512120000232123
4512120000231661
4512120000232065
4512120000231216
4512120000231414
4512120000231364
4512120000232180
4512120000231885
4512120000231828
4512120000231240
4512120000231414
4512120000231323
4512120000231547
4512120000231646
4512120000231521
4512120000231653
4512120000232057
4512120000231836
4512120000231778
4512120000231786
4512120000231893
4512120000231711
4512120000231653
4512120000231851
4512120000231539
4512120000231356
4512120000232180
4512120000232024
4512120000231315
4512120000231869
4512120000232115
4512120000231489
4512120000232099
4512120000226612
4512120000226562
4512120000226646
4512120000226364
4512120000226372
4512120000226646
4512120000227024
4512120000226521
4512120000226935
4512120000227024
4512120000227115
4512120000227115
4512120000226687
4512120000227164
4512120000226992
4512120000226802
4512120000227099
4512120000226604
4512120000227073
4512120000226380
4512120000227065
4512120000226992
4512120000226406
4512120000226661
4512120000226836
4512120000227206
4512120000226711
4512120000227198
4512120000227081
4512120000226216
4512120000226224
4512120000226232
4512120000226240
4512120000226265
4512120000226273
4512120000226299
4512120000226307
4512120000226315
4512120000226323
4512120000226331
4512120000226349
4512120000226356
4512120000226364
4512120000226372
4512120000226380
4512120000226398
4512120000226406
4512120000226414
4512120000226422
4512120000226430
4512120000226448
4512120000226455
4512120000226463
4512120000226471